# Region file format: CIAO version 1.0
circle(09:13:45.321,+40:56:23.78,0.0259348')
circle(09:13:44.645,+40:56:30.38,0.0210707')
circle(09:13:44.926,+40:56:25.22,0.0234974')
