# Region file format: CIAO version 1.0
circle(09:13:45.444,+40:56:34.82,0.028148')
circle(09:13:45.978,+40:56:28.15,0.0279902')
circle(09:13:45.963,+40:56:34.00,0.0326564')
