# Region file format: CIAO version 1.0
circle(01:25:07.519,+08:42:00.34,0.0141541')
circle(01:25:07.605,+08:41:58.76,0.0115469')
circle(01:25:07.592,+08:41:57.22,0.0185542')
